0000000000000000000000000000000000000000000000000000000000
0000000000000000000000000000000000000000000000000000000000
0000000000000000000000000000000000000000000000000000000000
0000000000000000000000000000000000000000000000000000000000
0000011111111111111111111111111111111111111111011111111000
0000011111111111111111111111111111111111111111011111111000
0000011111111111111111111111111111111111111111111111111000
0000011111111111111111111111111111111111111111111111111000
0000011111111111111111111111111111111111111111111111111000
0000011111111111111111111111121111111111111111111111111000
0000011111111111111111111111111111111112111111111111111000
0000011121111111111111111111111111111111111111111111111000
0000000000000000000000000000000000000000000000000111110000
0000011111110111111111111111111111111111111111111111100000
0000011111110111111111111111111111111111111111111111000000
0000011111111111111111111111111111111111111111111110000000
0000011111111111111111111111111111111111111111111100000000
0000011111111112111111111111111111111111111111111000000000
0000012111111111111111111111111111121111111111110000000000
0000011111111111111111111111111111111111111111100000000000
0000001111100000000000000000000000000000000000000000000000
0000000111111111111111111011111111111111111111111111111000
0000000011111111111111111011111111111111111111111111111000
0000000001111111111111111111111111111111111111111111111000
0000000000111111111111111111111111111111111111111111111000
0000000000011111111111111111111111111111111111111111111000
0000000000001111111111111111111111211111111111111111111000
0000000000000121111111111111111111111111111111111111111000
0000000000000000000000000000000000000000000000000111110000
0000011111111111111111111111111011111111111111111111100000
0000011111111111111111111111111011111111111111111111000000
0000011111111111111111111111111111111111111111111110000000
0000011111111111111111111111211111111111111111111100000000
0000011111111111111111111111111111111112111111111000000000
0000011111111111111111111111111111111111111111110000000000
0000011111111111111111111111111111111111111111100000000000
0000000000000000000000000000000000000000000000000000000000
0000000000000000000000000000000000000000000000000000000000
0000000000000000000000000000000000000000000000000000000000
0000000000000000000000000000000000000000000000000000000000
0000000000000000000000000000000000000000000000000000000000
0000000000000000000000000000000000000000000000000000000000